0
0
0
0
0.896359
0.717682
0.606897
0.539483
0.496774
0.466995
0.446944
0.441077
0.424494
0.411341
0.402099
0.396547
0.395838
0.39179
0.392161
0.389014
0.389932
0.386649
0.384615
0.382532
0.38096
0.379359
0.380845
0.380265
0.37907
0.379273
0.377241
0.376052
0.374681
0.373572
0.373572
0.372589
0.37226
0.371462
0.370711
0.370585
0.371335
0.373166
0.372145
0.372867
0.373376
0.374308
0.374072
0.373043
0.373942
0.373739
0.374611
0.374686
0.375693
0.376238
0.377429
0.376976
0.377022
0.3774
0.377616
0.377448
0.378149
0.378583
0.378105
0.377477
0.377648
0.377804
0.37721
0.377344
0.377086
0.377824
0.377585
0.37716
0.37741
0.377479
0.376853
0.376412
0.376542
0.376424
0.376599
0.37643
0.376721
0.376745
0.377031
0.377308
0.377446
0.377002
0.377124
0.376827
0.376498
0.376731
0.376943
0.376872
0.376509
0.376187
0.376125
0.376162
0.376549
0.376384
0.376429
0.375839
0.376157
0.376578
0.376478
0.376707
0.376767
0.37628
0.376441
0.376663
0.377127
0.377064
0.37712
0.376862
0.376833
0.377021
0.376746
0.376096
0.375451
0.374602
0.374481
0.374701
0.374372
0.374183
0.374186
0.373916
0.373895
0.37351
0.373696
0.373591
0.373365
0.373637
0.373639
0.373817
0.374019
0.374011
0.374026
0.374026
0.374266
0.374522
0.375023
0.375114
0.375369
0.37558
0.375583
0.375579
0.375702
0.375698
0.375805
0.375775
0.375492
0.375708
0.375556
0.375658
0.37556
0.375543
0.375907
0.375984
0.375982
0.37598
0.37625
0.376166
0.376345
0.376455
0.376411
0.376227
0.376321
0.376453
0.376182
0.375964
0.376057
0.376272
0.375999
0.376162
0.376357
0.376204
0.376463
0.376501
0.376965
0.376855
0.377225
0.377096
0.377128
0.376892
0.3767
0.376938
0.376662
0.376849
0.376964
0.377024
0.377028
0.376922
0.376941
0.376627
0.37656
0.376301
0.376598
0.37671
0.376548
0.376656
0.376819
0.376731
0.376805
0.376841
0.37664
0.376324
0.376285
0.376044
0.376058
0.376045
0.375724
0.375429
0.375347
0.375263
0.375226
0.37532
0.375102
0.375243
0.374808
0.374917
0.374667
0.374639
0.374598
0.37431
0.374422
0.374517
0.374285
0.374186
0.374059
0.374186
0.374371
0.374407
0.374374
0.374376
0.374379
0.37422
0.374073
0.373941
0.373631
0.373576
0.373423
0.373693
0.373755
0.373573
0.37347
0.373643
0.373587
0.373543
0.373699
0.373608
0.373697
0.3736
0.373684
0.373672
0.373677
0.373453
0.373435
0.373492
0.373414
0.373348
0.373269
0.373307
0.373428
0.373467
0.373318
0.373267
0.373252
0.373202
0.373041
0.37262
0.372415
0.372353
0.372403
0.372474
0.372609
0.372519
0.372444
0.372446
0.372461
0.372327
0.372245
0.372226
0.37227
0.372159
0.372142
0.372145
0.372011
0.372034
0.372108
0.372074
0.372065
0.372027
0.371862
0.371826
0.371623
0.371691
0.371505
0.371578
0.371431
0.371346
0.371516
0.371555
0.371538
0.371449
0.371467
0.371545
0.371574
0.371608
0.37169
0.371683
0.371656
0.371846
0.371746
0.371772
0.371802
0.371989
0.372141
0.372192
0.372222
0.372192
0.37215
0.372085
0.372004
0.372077
0.372079
0.372191
0.372276
0.3722
0.372128
0.372217
0.372186
0.372335
0.372187
0.372301
0.372374
0.372348
0.372465
0.372324
