0
0
0
0
0.937792
0.782969
0.696725
0.643478
0.603642
0.579093
0.559216
0.548714
0.538834
0.532473
0.533956
0.531026
0.529562
0.525482
0.521304
0.521331
0.519255
0.515814
0.514306
0.512672
0.510924
0.508601
0.505628
0.504567
0.502165
0.500995
0.500769
0.50062
0.50054
0.5
0.5
0.498928
0.499124
0.498911
0.499535
0.49877
0.499414
0.499833
0.499907
0.500203
0.50086
0.501145
0.502138
0.502718
0.503462
0.50342
0.503885
0.504225
0.504345
0.505166
0.505771
0.505688
0.505366
0.506261
0.505959
0.505968
0.505598
0.505774
0.505575
0.504825
0.504929
0.504983
0.504427
0.504307
0.504189
0.503884
0.504036
0.504192
0.504404
0.504336
0.504049
0.504432
0.503803
0.503703
0.503982
0.504116
0.503966
0.503553
0.504013
0.504052
0.503824
0.503891
0.504134
0.504116
0.504189
0.504096
0.504236
0.503603
0.503889
0.50345
0.50336
0.50362
0.50349
0.503764
0.50378
0.503317
0.503452
0.503399
0.503316
0.503726
0.503621
0.503381
0.50336
0.503542
0.503818
0.503823
0.503677
0.503869
0.503807
0.50383
0.503854
0.503811
0.503734
0.503847
0.503781
0.503839
0.503866
0.503691
0.503739
0.503448
0.503563
0.503544
0.503988
0.504066
0.504174
0.504085
0.504103
0.503833
0.503893
0.50385
0.503735
0.503735
0.503529
0.503833
0.504193
0.504396
0.504771
0.504876
0.505361
0.505059
0.505053
0.504783
0.504964
0.504877
0.50482
0.504841
0.504953
0.505049
0.504928
0.505003
0.505084
0.505134
0.50528
0.505357
0.505582
0.505602
0.505557
0.505322
0.505254
0.505383
0.50548
0.505454
0.505698
0.505934
0.506107
0.506246
0.505959
0.506246
0.506145
0.506027
0.50578
0.505781
0.505708
0.505557
0.505596
0.505538
0.505623
0.505536
0.50553
0.505538
0.5053
0.505065
0.504949
0.504545
0.504607
0.50435
0.504324
0.504252
0.504135
0.503941
0.503829
0.503716
0.503659
0.503707
0.503751
0.503689
0.50378
0.503821
0.503926
0.503805
0.50372
0.503656
0.503576
0.503497
0.503424
0.503513
0.503528
0.503547
0.503302
0.503176
0.503066
0.502896
0.502844
0.502426
0.502331
0.502311
0.502311
0.502154
0.502042
0.501907
0.501744
0.50176
0.501667
0.501617
0.501653
0.50168
0.501626
0.5016
0.501496
0.501377
0.50126
0.501324
0.501268
0.501111
0.501271
0.500983
0.500979
0.500853
0.50094
0.500909
0.501084
0.501161
0.501103
0.501152
0.501107
0.501174
0.501244
0.501279
0.501183
0.501226
0.50129
0.501135
0.501088
0.501259
0.501395
0.501356
0.501393
0.501249
0.501165
0.501149
0.501211
0.501145
0.501141
0.501075
0.501248
0.501178
0.501248
0.501178
0.501178
0.501348
0.501327
0.50141
0.50133
0.501373
0.50138
0.501233
0.501375
0.50128
0.501322
0.501291
0.501263
0.501158
0.501039
0.500962
0.500963
0.500941
0.500797
0.500973
0.501049
0.500955
0.500922
0.500934
0.500905
0.501002
0.500962
0.501007
0.501052
0.501008
0.501049
0.501119
0.501028
0.500949
0.501018
0.500983
0.500962
0.501063
0.500924
0.500989
0.501007
0.501032
0.501202
0.501178
0.501206
0.501213
0.501191
0.50108
0.501087
0.500924
0.500939
0.500916
0.501009
0.500918
0.500959
0.500909
0.500733
0.500677
0.500654
0.500666
0.50052
0.500602
0.50042
0.500349
