0.817308
0.789352
0.802164
0.798578
0.795037
0.80613
0.801442
0.808815
0.806253
0.81204
0.793624
0.782625
0.773017
0.76981
0.762182
0.755161
0.750676
0.744555
0.741802
0.735587
0.735587
0.746953
0.756918
0.765984
0.774842
0.78289
0.789609
0.796833
0.803341
0.809126
0.81455
0.815895
0.815142
0.815485
0.816302
0.816755
0.816702
0.816481
0.815713
0.814286
0.814212
0.810067
0.804665
0.801141
0.795675
0.790592
0.786612
0.782506
0.7786
0.774977
0.77189
0.765587
0.758398
0.753173
0.748
0.743575
0.738837
0.735175
0.730025
0.725811
0.722549
0.717028
0.711375
0.704975
0.700359
0.694609
0.689408
0.684823
0.679173
0.674703
0.670546
0.664832
0.659878
0.65447
0.649472
0.645462
0.640459
0.636333
0.631906
0.627768
0.624475
0.620746
0.615326
0.610627
0.606368
0.602007
0.598053
0.593911
0.589745
0.586396
0.582724
0.578479
0.574995
0.571034
0.567651
0.56453
0.561718
0.558797
0.555772
0.552488
0.548625
0.546091
0.543447
0.540166
0.536803
0.534041
0.531718
0.529365
0.526862
0.523973
0.521742
0.518779
0.516998
0.514894
0.512871
0.511008
0.509135
0.507018
0.504876
0.502959
0.501031
0.501031
0.50484
0.508891
0.512468
0.515911
0.519729
0.523111
0.527027
0.530828
0.534248
0.537455
0.540024
0.542446
0.545245
0.547778
0.550172
0.552254
0.554701
0.557196
0.559698
0.562046
0.562921
0.563743
0.564529
0.565469
0.566068
0.566589
0.567067
0.568296
0.569503
0.570154
0.569921
0.56964
0.569189
0.568534
0.567609
0.567266
0.567335
0.566831
0.566417
0.565988
0.564747
0.563744
0.562475
0.561488
0.560548
0.559509
0.558682
0.557888
0.557215
0.556293
0.55491
0.553588
0.551743
0.550382
0.548971
0.547493
0.54622
0.544878
0.54333
0.541862
0.540455
0.538952
0.53741
0.535955
0.53435
0.532591
0.530857
0.529454
0.527991
0.526346
0.524677
0.523331
0.521582
0.520069
0.518608
0.517094
0.515764
0.514195
0.512772
0.511395
0.50994
0.508906
0.507587
0.50618
0.504637
0.503176
0.501763
0.500558
0.499198
0.49786
0.496926
0.495925
0.495139
0.493946
0.492715
0.491656
0.490427
0.489408
0.488337
0.487271
0.486411
0.485642
0.484968
0.484723
0.484155
0.483314
0.482565
0.482048
0.48159
0.480879
0.480236
0.479952
0.479417
0.478761
0.478349
0.477663
0.477295
0.47673
0.476386
0.475754
0.475081
0.474726
0.474166
0.473562
0.473179
0.472678
0.472229
0.47157
0.470927
0.470285
0.469766
0.469099
0.468598
0.46801
0.467628
0.466863
0.466398
0.465737
0.465251
0.464815
0.464329
0.463785
0.463317
0.462868
0.462523
0.462034
0.461599
0.461024
0.460635
0.460389
0.460022
0.459693
0.459332
0.459089
0.4588
0.45809
0.457774
0.457496
0.456938
0.456545
0.456288
0.455924
0.455601
0.455393
0.45508
0.45467
0.454429
0.453982
0.453476
0.453088
0.452696
0.452311
0.45212
0.451781
0.451188
0.451058
0.450807
0.450529
0.450375
0.450162
0.449902
0.44964
0.449288
0.448733
0.448225
0.448042
0.447522
0.447048
0.446676
0.446291
0.445893
0.445514
0.445218
0.445001
0.444875
0.444642
0.444354
0.444058
0.443972
0.443754
